122
142
111
127
124
82
60
117
90
76
88
51
148
89
83
56
104
59
95
110
81
134
108
114
80
95
68
58
118
132
87
92
125
142
106
150
78
57
98
121
70
85
131
55
74
72
139
88
142
103
86
76
140
66
68
69
117
60
112
103
7
7
6
3
0
2
6
0
3
8
4
2
1
1
6
0
5
7
8
10
4
7
4
6
2
5
3
2
2
0
9
10
3
10
6
5
8
10
0
10
4
1
9
5
4
0
10
7
10
4
3
5
8
0
1
10
8
7
6
9
2341
2291
3699
3620
3628
2729
3022
2406
2314
3506
3205
2567
3256
2346
2881
3690
2679
2518
2745
3388
2792
3008
2819
2838
2891
3611
2208
2879
2337
3496
3929
2521
2760
3992
3650
2566
2721
3650
3179
2373
2765
3738
2789
2934
2698
2593
3939
3331
2992
2365
3202
3948
2331
2411
2910
2452
3599
3620
2858
3531
72
29
12
32
133
55
124
58
48
51
121
109
8
139
132
36
44
69
116
74
40
87
24
143
84
118
4
16
149
117
57
13
146
105
90
62
30
84
72
57
37
57
1
2
73
110
72
104
146
126
79
36
80
150
99
133
20
3
133
77
0
110
83
49
38
34
99
59
147
19
146
8
139
141
17
32
143
107
28
75
37
133
135
123
17
124
72
87
117
98
35
56
119
29
136
34
112
42
18
127
105
72
120
5
134
69
57
25
58
43
19
43
48
48
70
144
33
123
34
54
22
0
146
69
23
111
59
115
61
60
85
76
115
141
6
49
28
59
77
111
140
49
147
88
77
87
133
148
115
10
103
71
79
109
30
4
147
92
85
8
21
39
135
69
6
47
139
133
14
109
28
42
9
64
63
59
86
9
41
106
108
149
0
62
17
95
11
62
73
109
30
89
62
128
107
130
75
3
82
0
73
139
139
124
33
122
68
7
98
41
54
109
99
50
74
25
110
55
17
93
98
50
70
150
17
6
120
131
43
26
68
67
120
70
138
77
46
42
66
18
21
120
77
0
88
58
123
10
46
140
18
63
28
135
65
20
113
66
84
79
71
34
89
44
98
91
55
55
38
80
67
27
19
25
48
100
17
113
45
91
9
146
126
103
61
106
131
36
59
89
114
84
149
121
129
134
58
82
39
98
52
85
82
35
0
80
107
66
88
59
59
110
32
20
122
9
100
20
133
56
2
111
95
76
37
114
31
99
101
143
135
59
64
80
93
50
111
86
150
65
90
77
71
93
48
129
113
73
113
97
118
82
106
105
69
141
38
57
13
107
66
115
105
104
68
0
103
76
52
86
85
56
28
65
110
46
17
4
81
106
7
46
94
87
65
134
126
130
37
9
75
29
139
41
80
98
7
16
73
56
134
15
124
92
59
114
146
122
32
130
147
146
36
109
77
12
134
34
17
59
49
19
132
139
78
150
0
52
16
13
134
26
98
132
125
120
139
131
76
77
33
118
77
102
137
36
95
101
136
133
75
129
131
120
128
23
50
79
27
90
48
144
119
61
125
16
114
144
20
34
12
16
22
127
20
61
67
57
130
43
138
133
144
138
44
13
57
0
102
40
134
70
100
120
66
138
18
21
77
142
17
53
101
134
83
111
45
96
1
85
95
135
109
88
124
50
24
114
111
109
23
41
98
59
61
36
21
87
142
42
11
56
118
141
10
137
42
54
42
120
108
76
131
70
102
3
12
27
0
31
98
1
24
31
6
11
114
58
30
143
23
46
54
108
96
116
26
114
116
64
106
42
17
26
79
0
41
145
101
134
127
67
64
118
16
121
117
14
14
117
104
57
62
115
55
6
99
139
45
0
12
146
45
127
56
63
5
120
77
0
62
61
94
115
27
118
19
10
135
105
125
50
123
132
127
46
9
75
20
86
110
13
37
100
105
23
11
54
85
33
21
140
131
48
3
12
4
4
109
118
63
68
113
90
125
144
105
67
131
139
114
72
107
140
104
66
23
71
15
67
0
11
53
33
1
47
98
5
127
22
90
35
115
133
72
91
64
58
20
147
68
131
113
103
29
61
82
102
94
138
75
79
133
73
128
85
118
136
87
45
142
91
4
22
82
22
16
128
76
57
25
109
146
121
99
52
3
2
16
43
67
0
39
60
26
111
12
35
141
76
18
41
49
115
57
58
49
18
111
4
65
37
25
137
107
130
104
0
135
123
5
25
60
25
147
40
85
80
87
59
25
10
88
21
60
94
34
14
51
45
142
93
76
137
109
101
47
80
138
87
30
35
0
103
45
90
42
29
144
120
22
139
105
97
39
81
92
14
45
108
103
31
126
8
40
73
68
34
134
59
3
39
125
135
140
61
45
140
138
116
106
48
132
50
93
86
84
5
99
86
25
81
131
102
148
135
94
112
139
89
117
26
8
0
133
142
87
135
46
44
113
15
11
88
80
37
117
71
60
16
98
126
37
53
2
145
30
143
104
47
132
72
1
72
54
89
77
91
68
148
122
83
12
8
29
79
0
131
144
46
2
13
132
105
119
84
145
115
136
34
147
106
61
140
0
3
70
10
41
23
34
1
23
0
96
112
33
119
29
73
135
77
4
85
86
22
97
123
93
70
89
10
91
42
85
88
150
76
136
140
141
107
26
27
89
4
48
19
77
105
137
44
33
42
5
139
78
63
88
80
47
3
125
67
76
0
145
17
104
110
51
53
34
91
145
63
14
1
47
145
16
99
45
70
143
137
37
76
62
81
109
96
2
128
78
70
9
39
38
16
100
3
64
106
1
119
48
5
62
57
25
65
83
104
119
21
27
0
146
119
25
52
133
91
125
146
0
70
40
47
30
27
90
116
17
88
83
14
42
83
107
147
93
128
133
77
32
8
122
1
133
77
122
25
51
60
30
20
130
15
38
140
84
115
27
56
55
69
13
26
22
30
15
103
71
135
53
89
150
3
83
50
109
130
90
64
48
0
39
67
77
15
107
79
121
84
86
11
47
103
142
22
50
0
97
77
135
122
107
114
102
73
103
45
41
119
50
46
142
124
78
104
39
21
88
51
86
58
56
70
143
70
126
104
92
81
52
122
121
18
29
2
55
77
120
71
23
100
0
90
63
11
88
138
23
63
37
94
112
62
63
15
84
108
73
20
112
120
127
150
26
20
127
95
38
3
76
115
99
1
72
53
34
44
43
139
52
118
15
150
80
83
2
70
144
113
50
25
64
53
37
44
61
89
85
86
91
125
56
0
128
104
127
135
90
25
90
23
138
142
36
102
81
118
71
24
112
99
131
140
135
106
141
82
129
103
5
97
90
70
26
33
117
135
22
32
69
13
7
29
62
148
44
29
30
104
96
121
150
66
70
125
39
62
95
71
122
27
76
120
0
147
44
127
30
62
132
50
77
105
83
143
88
146
121
51
54
148
8
110
48
42
73
91
124
42
48
14
124
88
38
142
134
131
92
120
107
17
91
5
118
96
61
16
27
100
113
117
79
15
131
81
149
67
44
49
97
46
4
73
7
0
130
52
72
76
51
36
68
140
96
132
65
78
107
32
147
44
63
9
116
106
121
46
8
57
139
91
67
77
142
145
114
132
150
139
141
73
111
42
29
96
32
105
84
35
95
137
6
17
139
76
72
130
133
29
65
88
95
74
38
103
0
112
119
49
81
125
42
127
71
83
34
26
127
87
125
56
54
30
142
126
65
30
17
69
60
135
87
117
80
83
133
51
31
29
106
86
83
60
106
69
45
35
1
135
90
2
58
130
35
71
31
65
105
40
40
144
67
7
143
24
73
0
20
52
26
17
4
15
125
140
130
93
10
42
66
35
112
72
131
58
7
99
34
149
64
40
144
55
49
49
94
4
11
107
49
134
58
123
78
112
29
4
136
36
125
114
63
65
98
106
80
1
67
59
112
56
52
59
4
58
54
133
0
58
50
95
91
4
131
16
139
81
132
103
86
67
105
60
55
25
137
4
122
29
77
55
135
56
29
31
38
5
6
111
76
15
48
112
28
85
124
145
74
86
14
128
103
16
5
82
59
78
37
28
46
93
100
10
84
80
75
70
139
0
52
96
102
6
27
140
14
4
36
75
100
15
84
23
8
146
112
50
63
44
30
106
135
22
72
5
83
46
75
134
58
57
31
84
41
13
113
102
97
15
41
141
105
71
57
40
94
59
3
103
148
106
62
96
77
53
57
137
49
8
0
82
3
137
57
56
5
102
141
32
114
24
104
95
117
123
27
69
41
25
124
53
89
125
86
70
120
101
79
114
32
60
43
83
64
135
109
31
142
82
29
128
94
146
68
87
93
78
83
60
104
111
10
2
27
57
40
115
138
12
74
0
60
30
37
20
127
149
71
139
146
61
78
5
86
121
111
143
49
90
99
61
56
82
124
82
67
58
22
19
52
103
25
41
18
108
125
11
72
46
10
54
80
137
10
87
102
115
117
139
2
40
114
18
138
123
98
29
32
126
76
140
0
71
25
146
140
64
57
114
56
118
28
124
29
55
21
5
95
1
95
114
54
1
11
104
13
17
21
92
143
97
64
62
121
90
4
147
146
21
44
81
12
14
97
21
101
130
140
7
75
24
149
38
68
108
55
6
147
72
32
85
30
0
53
50
62
134
21
114
76
54
116
51
7
23
53
72
71
88
87
77
140
93
89
33
14
75
35
122
0
139
91
4
75
116
58
135
70
38
143
75
115
119
71
136
58
137
128
59
62
4
148
116
115
121
3
17
87
17
68
9
8
125
0
99
8
106
72
38
38
104
123
120
97
39
133
104
120
14
128
118
125
16
99
56
93
27
142
2
139
52
123
66
8
120
83
110
86
4
97
106
95
58
52
109
30
57
149
68
7
149
36
56
52
112
13
28
122
143
91
8
20
77
30
0
99
13
44
113
48
108
81
129
92
10
124
65
34
0
95
18
92
92
60
116
29
42
120
48
109
65
114
78
111
50
144
65
12
12
132
114
76
56
110
92
53
72
136
36
72
18
146
134
8
136
57
55
35
146
124
56
130
6
127
103
0
35
146
44
26
29
76
99
19
86
31
11
84
45
86
41
105
54
67
69
118
72
23
51
75
26
35
76
54
62
62
96
31
150
0
105
100
136
68
27
109
27
20
58
135
47
101
72
55
98
9
7
5
16
134
4
70
72
54
23
15
0
37
61
64
84
102
47
136
21
143
33
121
88
148
97
142
109
118
67
54
79
59
53
90
92
47
55
5
22
32
124
41
67
82
118
20
138
129
89
6
107
109
108
51
93
66
68
38
12
27
46
55
143
66
127
36
137
79
13
65
69
0
64
131
52
20
7
106
131
41
140
97
136
94
5
100
139
45
97
148
33
110
141
31
104
109
85
42
1
108
139
129
122
23
116
54
91
80
149
104
65
24
61
149
20
109
75
70
60
108
121
33
137
133
83
89
138
128
103
1
60
13
0
127
15
26
94
33
54
93
67
69
125
120
15
19
2
118
67
45
5
77
30
65
106
6
63
98
80
76
66
79
55
148
112
64
81
61
75
138
57
120
76
145
51
76
68
54
82
5
33
107
140
85
42
37
122
26
148
71
42
109
75
0
115
0
73
91
3
12
53
118
47
25
18
94
97
55
106
102
4
137
61
133
39
22
144
145
89
148
24
1
143
79
54
124
29
70
89
88
26
126
21
94
8
10
80
32
90
145
30
147
89
99
106
36
7
111
91
64
39
45
127
106
0
123
32
67
134
52
41
59
118
129
65
149
14
82
34
115
66
38
21
121
96
45
21
130
19
70
25
137
6
15
101
89
0
138
13
73
77
119
7
44
102
35
20
1
71
41
108
78
135
63
90
36
74
121
140
61
133
123
141
9
65
0
99
34
142
13
15
112
143
35
29
96
140
95
120
74
108
114
148
97
123
110
117
14
59
123
92
128
73
101
60
17
139
134
92
147
15
65
101
89
27
10
17
118
38
103
147
5
54
6
129
67
131
100
134
35
86
43
83
40
134
100
0
42
136
135
99
145
138
13
122
14
8
117
107
105
148
123
103
26
120
89
122
9
110
82
108
29
94
39
111
44
74
86
76
53
28
33
125
34
60
27
66
70
138
68
137
109
115
127
24
142
140
46
26
143
90
18
12
88
74
73
117
0
77
110
139
62
0
44
112
5
69
69
116
25
22
114
119
9
98
98
18
4
111
61
78
32
134
133
101
46
59
136
47
80
66
46
113
34
140
60
84
16
92
48
4
34
44
27
147
93
148
64
140
35
91
145
66
150
98
100
82
18
0
120
107
96
131
18
141
122
31
67
111
35
51
18
133
144
130
25
137
121
15
83
139
125
9
129
99
120
74
108
101
48
68
140
106
116
74
5
22
114
76
2
130
135
32
106
21
76
6
4
5
42
96
13
72
16
14
21
123
96
43
0
133
134
42
124
80
74
18
37
70
115
5
60
26
17
46
89
64
126
119
17
61
110
121
115
9
90
60
73
121
23
108
67
23
64
120
90
44
121
147
58
129
102
14
21
142
99
57
80
118
31
79
39
119
96
117
33
92
45
141
137
0
17
46
137
57
58
135
30
40
120
71
50
107
75
95
80
62
139
122
45
13
14
136
123
131
144
82
65
70
56
7
104
39
150
138
11
51
107
60
116
124
61
69
94
108
84
93
43
22
4
146
9
34
46
32
34
136
120
55
11
95
0
3
124
118
7
111
129
9
89
111
100
2
48
41
47
119
49
64
3
63
121
133
114
144
42
108
30
58
148
84
7
7
113
24
94
16
60
73
17
122
109
144
67
133
145
45
111
77
147
6
116
89
43
68
101
32
3
96
4
134
54
0
30
134
137
59
8
117
25
50
63
41
31
121
10
16
77
146
7
42
14
21
37
141
48
17
12
29
125
29
116
3
31
70
126
98
1
148
71
82
57
14
62
77
43
6
143
127
66
17
112
37
28
62
127
88
77
33
107
114
127
101
0
85
31
133
47
57
56
15
97
4
115
136
31
41
27
0
79
95
114
93
112
64
138
139
95
130
71
86
10
31
72
28
66
78
39
150
146
58
14
50
92
65
76
3
103
76
63
57
37
121
64
127
147
23
70
117
57
115
104
36
30
0
82
85
133
69
75
126
111
37
97
123
85
138
5
21
23
97
129
143
139
127
26
53
136
112
51
79
70
127
143
85
86
82
35
109
63
95
132
132
107
121
76
24
1
61
55
138
125
95
30
104
137
24
21
69
1
16
143
109
95
13
0
115
36
24
42
35
16
15
26
29
128
29
139
32
124
50
130
16
84
102
41
29
4
133
75
7
124
60
98
79
77
10
105
118
32
89
136
117
117
22
141
99
54
118
95
5
29
104
145
150
27
82
131
110
38
69
125
66
5
120
69
0
1
107
69
77
86
9
73
95
117
22
65
11
96
107
57
86
134
45
94
137
80
9
145
116
106
34
7
14
134
105
144
146
148
125
127
92
80
139
98
13
20
60
54
64
80
142
44
46
110
144
84
100
125
8
40
82
54
0
142
139
0
64
139
52
5
89
0
82
86
74
14
125
90
57
53
140
88
40
83
22
127
27
55
136
69
98
29
31
70
93
14
73
71
33
112
108
30
100
84
147
112
46
137
80
62
27
58
87
4
42
85
113
76
74
140
24
60
48
135
137
111
0
29
66
115
44
98
90
1
137
10
86
102
109
107
14
5
11
91
123
91
43
40
102
84
88
108
24
46
41
125
120
24
46
42
127
118
74
145
143
36
2
111
98
23
73
146
84
97
107
45
30
63
126
106
23
85
109
50
26
121
111
0
83
27
93
63
99
2
146
35
92
68
70
87
135
51
70
38
94
41
144
134
54
96
89
136
61
88
108
128
122
42
31
110
50
130
26
75
36
51
43
125
50
91
15
111
106
76
36
9
116
21
61
108
47
10
124
48
91
144
86
75
0
20
148
64
30
98
52
136
39
34
137
147
39
92
36
6
28
48
35
51
108
131
86
93
145
116
35
88
117
31
5
33
120
135
116
68
124
8
50
91
63
95
110
48
91
65
121
91
6
147
133
116
8
83
114
11
47
14
86
143
103
0
66
74
42
109
105
142
3
87
71
150
133
147
80
60
80
129
21
65
135
0
115
79
44
57
121
80
62
101
131
90
45
2
94
102
146
110
77
48
85
131
83
106
123
59
101
10
35
139
10
69
102
68
85
62
100
103
30
113
101
33
0
53
139
119
143
71
64
85
132
76
49
125
89
120
22
139
88
133
148
111
64
134
91
35
99
16
123
15
10
121
9
50
148
146
61
100
97
146
24
19
74
25
47
3
94
68
81
22
11
86
8
81
149
129
148
43
88
106
18
76
102
0
11
105
31
150
20
35
114
41
103
132
11
77
91
4
117
7
138
116
136
130
121
26
101
136
100
114
41
105
97
110
9
139
122
22
97
108
133
45
26
107
59
131
65
91
135
129
0
17
121
32
130
17
87
88
150
20
136
102
126
72
0
102
144
7
124
127
124
119
118
61
130
125
84
60
36
37
146
23
35
38
124
41
6
84
147
24
122
62
83
27
92
50
145
12
123
118
104
91
48
3
4
148
133
100
46
105
22
132
7
33
149
27
71
117
140
4
85
29
105
30
57
0
140
56
53
54
71
48
114
38
47
110
45
98
37
68
104
50
43
123
74
95
97
0
71
31
82
23
80
76
149
4
47
2
81
129
41
84
80
136
123
6
57
8
98
118
101
51
99
119
62
117
60
96
77
81
133
145
8
45
58
62
0
